{
 "cells": [
  {
   "cell_type": "code",
   "execution_count": 1,
   "metadata": {
    "collapsed": true
   },
   "outputs": [],
   "source": [
    "import numpy as np"
   ]
  },
  {
   "cell_type": "code",
   "execution_count": 2,
   "metadata": {
    "collapsed": true
   },
   "outputs": [],
   "source": [
    "def indiff_mixed_action(payoff_matrix, own_supp, opp_supp, out):\n",
    "    # (number of own actions, number of opponent's actions)\n",
    "    nums_actions = payoff_matrix.shape\n",
    "    \n",
    "    # Support size\n",
    "    k = len(own_supp)\n",
    "    \n",
    "    # Matrix in the left hand side of the linear equation\n",
    "    a = np.empty((k+1, k+1))\n",
    "    a[:-1, :-1] = payoff_matrix[own_supp, :][:, opp_supp]\n",
    "    a[-1, :-1] = 1\n",
    "    a[:-1, -1] = -1\n",
    "    a[-1, -1] = 0\n",
    "    \n",
    "    # Vector in the right hand side of the linear equation\n",
    "    b = np.zeros(k+1)\n",
    "    b[-1] = 1\n",
    "    \n",
    "    try:\n",
    "        sol = np.linalg.solve(a, b)\n",
    "    except np.linalg.LinAlgError:\n",
    "        return False\n",
    "    \n",
    "    \n",
    "    # Return False immediately if any of the \"probabilities\" is not positive\n",
    "    if (sol[:-1] <= 0).any():\n",
    "        return False\n",
    "    \n",
    "    own_supp_c = np.setdiff1d(np.arange(nums_actions[0]), own_supp)\n",
    "    # Return False immediately if the solution mixed action is not optimal\n",
    "    if (sol[-1] < payoff_matrix[own_supp_c, :][:, opp_supp] @ sol[:-1]).any():\n",
    "        return False\n",
    "    \n",
    "    out.fill(0)\n",
    "    out[opp_supp] = sol[:-1]\n",
    "    return True\n",
    "    "
   ]
  },
  {
   "cell_type": "code",
   "execution_count": 3,
   "metadata": {
    "collapsed": true
   },
   "outputs": [],
   "source": [
    "import itertools"
   ]
  },
  {
   "cell_type": "code",
   "execution_count": 4,
   "metadata": {
    "collapsed": true
   },
   "outputs": [],
   "source": [
    "def support_enumeration(A, B_T):\n",
    "    \"\"\"\n",
    "    Given a nondegenerate m x n bimatrix game (A, B_T), return a list of\n",
    "    all Nash equilibria computed by the support enumeration algorithm.\n",
    "    \n",
    "    Parameters\n",
    "    ----------\n",
    "    A : ndarray(float, ndim=2)\n",
    "        Payoff matrix for player 1, of shape (m, n).\n",
    "    \n",
    "    B_T : ndarray(float, ndim=2)\n",
    "        Payoff matrix for player 2, of shape (n, m).\n",
    "        \n",
    "    Returns\n",
    "    -------\n",
    "    NEs : list(tuple(ndarray(float, ndim=1)))\n",
    "        List containing tuples of Nash equilibrium mixed actions.\n",
    "    \n",
    "    \"\"\"\n",
    "    m, n = A.shape\n",
    "    NEs = []\n",
    "    for k in range(1, min(m, n)+1):\n",
    "        for I in itertools.combinations(range(m), k):\n",
    "            for J in itertools.combinations(range(n), k):\n",
    "                y = np.empty(n)\n",
    "                if indiff_mixed_action(A, list(I), list(J), y):\n",
    "                    x = np.empty(m)\n",
    "                    if indiff_mixed_action(B_T, list(J), list(I), x):\n",
    "                        NEs.append((x, y))\n",
    "    return NEs"
   ]
  },
  {
   "cell_type": "code",
   "execution_count": 5,
   "metadata": {
    "collapsed": true
   },
   "outputs": [],
   "source": [
    "A = np.array(\n",
    "    [[    9504,     -660,    19976,   -20526,     1776,    -8976],\n",
    "     [ -111771,    31680,  -130944,   168124,    -8514,    52764],\n",
    "     [  397584,  -113850,   451176,  -586476,    29216,  -178761],\n",
    "     [  171204,   -45936,   208626,  -263076,    14124,   -84436],\n",
    "     [ 1303104,  -453420,  1227336, -1718376,    72336,  -461736],\n",
    "     [  737154,  -227040,   774576, -1039236,    48081,  -300036]]\n",
    ")\n",
    "B_T = np.array(\n",
    "    [[   72336,  -461736,  1227336, -1718376,  1303104,  -453420],\n",
    "     [   48081,  -300036,   774576, -1039236,   737154,  -227040],\n",
    "     [   29216,  -178761,   451176,  -586476,   397584,  -113850],\n",
    "     [   14124,   -84436,   208626,  -263076,   171204,   -45936],\n",
    "     [    1776,    -8976,    19976,   -20526,     9504,     -660],\n",
    "     [   -8514,    52764,  -130944,   168124,  -111771,    31680]]\n",
    ")"
   ]
  },
  {
   "cell_type": "code",
   "execution_count": 6,
   "metadata": {
    "collapsed": false
   },
   "outputs": [
    {
     "data": {
      "text/plain": [
       "75"
      ]
     },
     "execution_count": 6,
     "metadata": {},
     "output_type": "execute_result"
    }
   ],
   "source": [
    "len(support_enumeration(A, B_T))"
   ]
  },
  {
   "cell_type": "code",
   "execution_count": null,
   "metadata": {
    "collapsed": true
   },
   "outputs": [],
   "source": []
  }
 ],
 "metadata": {
  "anaconda-cloud": {},
  "kernelspec": {
   "display_name": "Python [conda root]",
   "language": "python",
   "name": "conda-root-py"
  },
  "language_info": {
   "codemirror_mode": {
    "name": "ipython",
    "version": 3
   },
   "file_extension": ".py",
   "mimetype": "text/x-python",
   "name": "python",
   "nbconvert_exporter": "python",
   "pygments_lexer": "ipython3",
   "version": "3.5.2"
  }
 },
 "nbformat": 4,
 "nbformat_minor": 1
}
